9.617582e-01
9.382924e-01
9.371927e-01
9.656668e-01
1.020231e+00
1.097069e+00
1.187942e+00
1.291752e+00
1.387541e+00
1.491530e+00
1.563745e+00
1.651193e+00
1.684459e+00
1.732365e+00
1.715098e+00
1.701908e+00
1.633518e+00
1.558137e+00
1.477366e+00
1.375869e+00
1.267926e+00
1.158525e+00
1.084719e+00
1.034808e+00
1.005580e+00
9.879941e-01
1.001694e+00
9.811557e-01
1.019056e+00
1.063738e+00
1.170492e+00
1.243138e+00
1.317447e+00
1.440010e+00
1.584549e+00
1.664861e+00
1.671794e+00
1.690033e+00
1.713458e+00
1.683120e+00
1.605155e+00
1.572552e+00
1.485404e+00
1.426957e+00
1.325175e+00
1.255741e+00
1.169709e+00
1.099960e+00
1.060777e+00
9.615500e-01
8.701229e-01
8.530866e-01
9.887935e-01
1.129810e+00
1.215278e+00
1.199432e+00
1.315148e+00
1.396466e+00
1.533753e+00
1.623458e+00
1.773241e+00
1.802985e+00
1.806366e+00
1.754030e+00
1.720122e+00
1.559885e+00
1.439446e+00
1.368564e+00
1.379040e+00
1.360557e+00
1.249306e+00
1.106373e+00
