9.606126e-01
9.340369e-01
9.354965e-01
9.659093e-01
1.023414e+00
1.096778e+00
1.189007e+00
1.282391e+00
1.385565e+00
1.488985e+00
1.577413e+00
1.653371e+00
1.687224e+00
1.701108e+00
1.688145e+00
1.684190e+00
1.632169e+00
1.571356e+00
1.477193e+00
1.402879e+00
1.283853e+00
1.191955e+00
1.109463e+00
1.027564e+00
9.478501e-01
9.070536e-01
9.553488e-01
1.004957e+00
1.033792e+00
1.095366e+00
1.203947e+00
1.334896e+00
1.423599e+00
1.511394e+00
1.608153e+00
1.700023e+00
1.709158e+00
1.746538e+00
1.701794e+00
1.665912e+00
1.598852e+00
1.541220e+00
1.464724e+00
1.382510e+00
1.291397e+00
1.248606e+00
1.128764e+00
1.021667e+00
9.434934e-01
8.736396e-01
9.381537e-01
9.204366e-01
9.921381e-01
1.080135e+00
1.181510e+00
1.303846e+00
1.349498e+00
1.429707e+00
1.547093e+00
1.679647e+00
1.794708e+00
1.818318e+00
1.739022e+00
1.698260e+00
1.623667e+00
1.604367e+00
1.511559e+00
1.431875e+00
1.329271e+00
1.225924e+00
1.127182e+00
1.079621e+00
